Polymorphism S590, Q591:
1978, 1979, 1980, 1981, 1982, 1983, 1984, 1985, 1986, 1987, 1988, 1989, 1990, 1991, 1992, 1993, 1994, 1995, 1996, 1997, 1998, 1999, 2000, 2001, 2002, 2003, 2004, 2005, 2006, 2007, 2008, 2009, 2010, 2011, 2012, 2013, 2014

Polymorphism G590, Q591:
1978, 1979, 1980, 1981, 1982, 1983, 1984, 1985, 1986, 1987, 1988, 1989, 1990, 1991, 1992, 1993, 1994, 1995, 1996, 1997, 1998, 1999, 2000, 2001, 2002, 2003, 2004, 2005, 2006, 2007, 2008, 2009, 2010, 2011, 2012, 2013, 2014

Polymorphism S590, R591:
1998, 1999, 2000, 2001, 2002, 2003, 2004, 2005, 2006, 2007, 2008, 2009, 2010, 2011, 2012, 2013, 2014

Polymorphism S590, L591:
1994, 1996, 1997, 1998, 1999, 2000, 2001, 2002, 2003, 2004, 2005, 2006, 2007, 2008, 2009, 2010

Polymorphism G590, R591:
1998, 1999, 2001, 2003, 2004, 2005, 2006, 2007, 2008, 2009, 2010, 2011, 2012, 2013

Polymorphism G590, K591:
1991, 1995, 2000, 2003, 2004, 2005, 2006, 2008, 2009, 2010, 2012, 2013, 2014

Polymorphism N590, Q591:
1993, 1996, 2000, 2005, 2006, 2007, 2008, 2009, 2012, 2013

Polymorphism C590, Q591:
2003, 2005, 2006, 2007, 2008, 2009, 2011, 2012, 2013

Polymorphism X590, X591:
1986, 1994, 1997, 1999, 2007, 2008, 2009, 2010

Polymorphism N590, R591:
2004, 2007, 2009, 2010, 2011, 2012, 2013, 2014

Polymorphism G590, L591:
2008, 2009, 2013

Polymorphism S590, K591:
2006, 2010, 2011

Polymorphism R590, R591:
2009, 2011

Polymorphism X590, Q591:
1989, 2006

Polymorphism R590, Q591:
1999, 2009

Polymorphism G590, H591:
2002, 2004

Polymorphism G590, P591:
2003, 2010

Polymorphism N590, L591:
2005

Polymorphism A590, Q591:
1984

Polymorphism S590, H591:
2009

